2.998426818847656250e+01 -1.084042429924011230e+00 0.000000000000000000e+00
3.002506828308105469e+01 -1.079820632934570312e+00 0.000000000000000000e+00
3.003848457336425781e+01 -1.087757825851440430e+00 0.000000000000000000e+00
3.005896949768066406e+01 -1.103789091110229492e+00 0.000000000000000000e+00
3.007500648498535156e+01 -1.088106632232666016e+00 0.000000000000000000e+00
3.000496292114257812e+01 -1.092375278472900391e+00 0.000000000000000000e+00
3.003792572021484375e+01 -1.081242918968200684e+00 0.000000000000000000e+00
3.004350471496582031e+01 -1.094463109970092773e+00 0.000000000000000000e+00
3.000590324401855469e+01 -1.087571978569030762e+00 0.000000000000000000e+00
3.003994750976562500e+01 -1.089646339416503906e+00 0.000000000000000000e+00
3.004395294189453125e+01 -1.094569683074951172e+00 0.000000000000000000e+00
3.000441360473632812e+01 -1.087882280349731445e+00 0.000000000000000000e+00
3.003241539001464844e+01 -1.088715076446533203e+00 0.000000000000000000e+00
2.994732475280761719e+01 -1.084105730056762695e+00 0.000000000000000000e+00
3.002142715454101562e+01 -1.089371204376220703e+00 0.000000000000000000e+00
3.005331039428710938e+01 -1.095055341720581055e+00 0.000000000000000000e+00
3.003508949279785156e+01 -1.089296817779541016e+00 0.000000000000000000e+00
3.002861785888671875e+01 -1.099423885345458984e+00 0.000000000000000000e+00
3.003503608703613281e+01 -1.091396093368530273e+00 0.000000000000000000e+00
2.998619461059570312e+01 -1.088605523109436035e+00 0.000000000000000000e+00
3.004127693176269531e+01 -1.090546727180480957e+00 0.000000000000000000e+00
3.002528381347656250e+01 -1.092346906661987305e+00 0.000000000000000000e+00
2.996738052368164062e+01 -1.089252114295959473e+00 0.000000000000000000e+00
3.005318641662597656e+01 -1.086955785751342773e+00 0.000000000000000000e+00
3.000509452819824219e+01 -1.098011374473571777e+00 0.000000000000000000e+00
3.000211715698242188e+01 -1.088656783103942871e+00 0.000000000000000000e+00
3.000473403930664062e+01 -1.077783942222595215e+00 0.000000000000000000e+00
3.000805282592773438e+01 -1.086907744407653809e+00 0.000000000000000000e+00
3.006383705139160156e+01 -1.086527466773986816e+00 0.000000000000000000e+00
3.001151084899902344e+01 -1.093653798103332520e+00 0.000000000000000000e+00
3.000934028625488281e+01 -1.084074735641479492e+00 0.000000000000000000e+00
3.024804496765136719e+01 -1.124081015586853027e+00 0.000000000000000000e+00
3.002202415466308594e+01 -1.093885660171508789e+00 0.000000000000000000e+00
3.000663757324218750e+01 -1.098593235015869141e+00 0.000000000000000000e+00
3.001064300537109375e+01 -1.082744717597961426e+00 0.000000000000000000e+00
3.002274513244628906e+01 -1.092367768287658691e+00 0.000000000000000000e+00
3.002457809448242188e+01 -1.084158658981323242e+00 0.000000000000000000e+00
3.002012825012207031e+01 -1.083732724189758301e+00 0.000000000000000000e+00
3.009988021850585938e+01 -1.108049869537353516e+00 0.000000000000000000e+00
2.999794960021972656e+01 -1.097846508026123047e+00 0.000000000000000000e+00
3.002391815185546875e+01 -1.092185378074645996e+00 0.000000000000000000e+00
3.002254104614257812e+01 -1.100685000419616699e+00 0.000000000000000000e+00
3.012289047241210938e+01 -1.099189281463623047e+00 0.000000000000000000e+00
3.002752113342285156e+01 -1.080794572830200195e+00 0.000000000000000000e+00
3.011607742309570312e+01 -1.100402593612670898e+00 0.000000000000000000e+00
3.000365447998046875e+01 -1.082797169685363770e+00 0.000000000000000000e+00
3.000284385681152344e+01 -1.089896798133850098e+00 0.000000000000000000e+00
3.000493431091308594e+01 -1.090517759323120117e+00 0.000000000000000000e+00
3.001181793212890625e+01 -1.090461254119873047e+00 0.000000000000000000e+00
3.000119018554687500e+01 -1.081789731979370117e+00 0.000000000000000000e+00
3.000066757202148438e+01 -1.096469640731811523e+00 0.000000000000000000e+00
3.005029678344726562e+01 -1.103721141815185547e+00 0.000000000000000000e+00
3.002240943908691406e+01 -1.090722203254699707e+00 0.000000000000000000e+00
3.004079818725585938e+01 -1.088639259338378906e+00 0.000000000000000000e+00
3.012960052490234375e+01 -1.104825615882873535e+00 0.000000000000000000e+00
3.002772712707519531e+01 -1.100169181823730469e+00 0.000000000000000000e+00
2.998666191101074219e+01 -1.091694116592407227e+00 0.000000000000000000e+00
3.006248664855957031e+01 -1.081727385520935059e+00 0.000000000000000000e+00
2.998747825622558594e+01 -1.085205078125000000e+00 0.000000000000000000e+00
2.997288894653320312e+01 -1.091359019279479980e+00 0.000000000000000000e+00
3.000800895690917969e+01 -1.085898041725158691e+00 0.000000000000000000e+00
2.997666549682617188e+01 -1.091818809509277344e+00 0.000000000000000000e+00
2.998263359069824219e+01 -1.088528871536254883e+00 0.000000000000000000e+00
3.003527259826660156e+01 -1.093614578247070312e+00 0.000000000000000000e+00
3.006822013854980469e+01 -1.102264046669006348e+00 0.000000000000000000e+00
3.004049873352050781e+01 -1.089819073677062988e+00 0.000000000000000000e+00
3.002443313598632812e+01 -1.101124763488769531e+00 0.000000000000000000e+00
3.001752281188964844e+01 -1.091410636901855469e+00 0.000000000000000000e+00
2.998354148864746094e+01 -1.090313911437988281e+00 0.000000000000000000e+00
3.003040313720703125e+01 -1.089194297790527344e+00 0.000000000000000000e+00
3.001231002807617188e+01 -1.100878000259399414e+00 0.000000000000000000e+00
2.996042633056640625e+01 -1.098467469215393066e+00 0.000000000000000000e+00
2.999221801757812500e+01 -1.098909378051757812e+00 0.000000000000000000e+00
3.000148963928222656e+01 -1.094916820526123047e+00 0.000000000000000000e+00
2.999587249755859375e+01 -1.086333751678466797e+00 0.000000000000000000e+00
3.008968162536621094e+01 -1.093148469924926758e+00 0.000000000000000000e+00
3.004359626770019531e+01 -1.085948228836059570e+00 0.000000000000000000e+00
2.996093559265136719e+01 -1.086454629898071289e+00 0.000000000000000000e+00
3.001035308837890625e+01 -1.094569444656372070e+00 0.000000000000000000e+00
2.998641204833984375e+01 -1.080988764762878418e+00 0.000000000000000000e+00
