1
1.00571
1.00962
1.00518
1.00189
0.990211
0.982149
1.00223
1.01096
0.997703
1.01609
1.00003
1.00215
1.00693
1.02165
0.976694
0.998088
1.00853
0.999401
1.00203
1.0168
1.01506
1.0103
1.02366
1.02321
1.00738
0.973071
0.993593
0.972401
0.977372
1.0159
1.01438
1.00951
1.01258
0.998614
1.00265
0.980176
0.975581
0.975053
1.00912
1.01182
1.01024
0.98033
1.00339
1.00034
0.98945
0.9822
0.981554
0.986642
1.00834
0.994836
1.00779
1.00151
0.994987
0.996103
0.995442
0.992787
0.995109
1.00449
0.999015
1.01686
1.02882
1.01451
0.983943
1.00333
1.00487
0.966968
1.01377
0.991726
1.03021
0.992411
1.00285
0.996501
1.00678
1.00131
0.994532
0.980951
1.00325
0.996276
1.03713
1.00411
0.996193
1.00903
1.0308
1.03622
0.989659
1.04186
1.02319
0.984363
1.0023
0.998258
1.00104
0.997382
0.998692
1.00883
0.995626
1.00214
0.987486
0.984567
0.982222
0.997032
0.983259
0.980374
0.998289
0.98784
0.98547
0.985504
0.969615
0.987862
0.993052
1.00988
0.985914
0.986764
1.00347
0.984866
0.987814
1.01616
1.00483
0.989616
1.0162
1.02149
1.01262
0.99554
0.990717
0.988794
1.00418
1.00625
1.02219
0.98805
0.981974
0.975005
0.987857
1.00013
1.02106
1.00088
0.993124
0.983172
0.992756
1.00145
1.00531
0.976072
1.0025
0.996798
1.00951
1.0205
1.00311
0.998567
1.01779
0.950576
0.997931
0.987417
0.980079
0.982522
0.98596
1.00377
0.96628
0.997319
0.994813
1.00649
0.984094
1.00384
0.989033
0.948478
1.01085
0.986091
0.949667
1.01059
1.02107
0.987402
0.978259
1.00275
1.01805
0.965312
1.00178
0.97642
0.993573
0.994111
1.00157
1.01103
0.995851
1.02224
0.996263
1.00996
1.00446
1.00299
0.973882
1.00717
0.998505
0.995152
0.99153
1.00189
0.978503
0.997419
0.992645
1.0159
1.02251
1.01481
0.988093
0.9778
1.00894
1.01487
0.994515
0.971067
0.992994
1.02432
0.995797
0.989793
0.985113
1.00428
0.993546
0.988978
0.99861
1.00448
0.98872
1.02442
0.991387
0.992485
0.99844
1.00852
1.02708
0.990999
1.01012
1.0093
0.992817
0.982821
1.01046
1.02747
0.970466
0.996691
0.978794
0.983421
0.987924
1.0026
0.987822
1.00501
1.01229
1.00988
1.00744
0.998269
0.984707
1.00206
0.990036
0.976684
1.00668
1.00892
1.00891
0.973498
1.00547
1.00719
1.01366
0.998411
0.98486
0.989813
0.990034
0.987036
1.00442
0.993007
1.01331
0.971451
1.01996
1.00403
0.988483
0.995877
1.01124
0.998388
1.0168
0.974297
1.00796
0.990078
0.986853
0.984656
1.00174
1.03529
0.98131
1.01509
1.00687
0.971871
0.978719
1.02467
0.982922
0.99571
0.982523
0.98852
1.02022
1.02924
0.988412
0.986984
0.954998
1.00888
0.974137
0.984326
0.994394
0.979194
1.00186
0.976782
1.00962
1.0117
0.999327
1.00718
1.00176
0.994069
0.984209
0.994078
0.987944
0.990747
1.00555
0.992746
1.007
1.00434
1.02346
0.992906
0.998946
1.01006
1.00992
0.962703
0.993937
0.999819
1.01374
0.987397
1.00822
1.02139
0.993468
0.998342
1.04085
1.01793
0.989366
0.991841
0.99635
1.00606
1.0267
1.04677
1.00656
1.0126
1.02918
0.998921
1.01007
1.00957
0.989649
0.981779
0.989783
0.994429
1.00323
1.00029
1.00268
1.00973
1.02342
0.991601
0.999075
0.988146
1.00142
1.00364
1.02331
1.0186
0.990521
0.979175
1.00299
1.02805
1.00279
0.999234
1.00415
1.00842
0.986927
1.01426
1.00871
0.98681
1.00536
1.00422
0.998528
1.0091
1.00319
1.01037
0.99683
1.02626
1.00482
1.01674
0.977934
1.00759
0.990969
1.00731
1.00511
0.985896
0.987714
1.00126
0.998253
1.02473
1.02728
0.99245
1.01471
1.00176
0.989956
0.987118
1.00597
0.996559
1.03289
1.01179
0.996831
1.00896
1.00824
0.99415
0.961829
0.966313
0.99615
0.981971
0.999401
0.967482
0.993767
0.993262
0.981168
0.999435
0.969417
1.00829
0.982453
0.998484
1.00308
1.00974
1.00982
0.994714
0.997393
0.998419
0.990659
0.998481
1.01701
0.979303
1.00933
1.00147
1.01301
1.00195
1.00769
0.987897
1.015
0.986105
1.01421
0.997879
1.01019
1.0116
1.02825
1.01826
1.00491
0.996309
0.976628
1.01346
0.999708
0.986981
0.980149
0.976733
0.987248
1.00436
0.995141
0.966415
0.987398
0.993943
1.01436
1.00892
0.992943
0.993496
0.989407
1.01169
0.998402
0.986336
1.00492
0.998398
1.00716
0.978779
1.0041
1.01905
0.989506
1.00462
0.980756
0.980394
1.00178
0.967505
1.00851
1.02154
0.996264
1.04627
1.01002
1.00549
0.995984
1.01171
0.998424
0.975495
0.973381
1.00657
0.995628
0.995535
0.971903
0.988745
1.01585
0.995309
1.0249
1.00934
0.998511
1.02134
1.01029
1.00677
0.980795
1.01432
0.989985
0.97687
0.988692
1
1.00571
1.00962
1.00518
1.00188
0.990209
0.982147
1.00223
1.01096
0.997701
1.01608
1.00003
1.00215
1.00693
1.02165
0.976691
0.998084
1.00853
0.999397
1.00203
1.0168
1.01506
1.0103
1.02367
1.02321
1.00739
0.973079
0.9936
0.972408
0.977378
1.01591
1.01439
1.00951
1.01258
0.998617
1.00265
0.980177
0.975581
0.975052
1.00912
1.01182
1.01024
0.980329
1.00339
1.00034
0.989449
0.982198
0.981554
0.986643
1.00834
0.994835
1.00779
1.00151
0.994986
0.996101
0.995439
0.992784
0.995106
1.00448
0.999013
1.01686
1.02882
1.01451
0.983943
1.00333
1.00487
0.966969
1.01377
0.991727
1.03021
0.992411
1.00285
0.996502
1.00678
1.00131
0.994531
0.98095
1.00325
0.996271
1.03713
1.00411
0.996189
1.00903
1.0308
1.03621
0.989659
1.04186
1.02319
0.984363
1.0023
0.998256
1.00103
0.997382
0.998692
1.00883
0.995626
1.00214
0.987487
0.984568
0.982223
0.997034
0.983264
0.980378
0.998294
0.987845
0.985474
0.985508
0.969617
0.987864
0.993053
1.00988
0.985913
0.986763
1.00346
0.984865
0.987814
1.01616
1.00483
0.989615
1.0162
1.02149
1.01262
0.99554
0.990717
0.988793
1.00418
1.00625
1.02219
0.988055
0.981979
0.975009
0.987861
1.00013
1.02106
1.00088
0.993125
0.983172
0.992755
1.00144
1.0053
0.976071
1.0025
0.996798
1.00951
1.0205
1.00311
0.998562
1.01779
0.950572
0.997927
0.987414
0.980078
0.982522
0.985959
1.00377
0.966275
0.997314
0.994809
1.00649
0.984091
1.00384
0.98903
0.948477
1.01085
0.986092
0.949669
1.01059
1.02107
0.987404
0.978259
1.00275
1.01805
0.965309
1.00178
0.976416
0.993568
0.994106
1.00157
1.01103
0.995846
1.02224
0.996256
1.00995
1.00445
1.00298
0.973877
1.00717
0.9985
0.995147
0.991525
1.00189
0.978498
0.997415
0.992641
1.01589
1.0225
1.01481
0.988092
0.9778
1.00894
1.01487
0.994517
0.971068
0.992995
1.02432
0.995796
0.98979
0.98511
1.00428
0.993542
0.988973
0.998606
1.00447
0.988716
1.02441
0.991384
0.992482
0.998436
1.00852
1.02707
0.990996
1.01012
1.0093
0.992817
0.98282
1.01046
1.02747
0.970468
0.996691
0.978794
0.98342
0.987921
1.0026
0.987819
1.00501
1.01229
1.00987
1.00744
0.998266
0.984705
1.00206
0.990033
0.976683
1.00668
1.00892
1.00891
0.973498
1.00547
1.00719
1.01366
0.998411
0.98486
0.989812
0.990032
0.987031
1.00441
0.993
1.0133
0.971445
1.01995
1.00402
0.988477
0.995871
1.01123
0.998387
1.0168
0.974294
1.00795
0.990069
0.986842
0.984647
1.00173
1.03528
0.981303
1.01509
1.00687
0.971873
0.97872
1.02467
0.982922
0.99571
0.982524
0.988519
1.02022
1.02924
0.988411
0.986982
0.954995
1.00888
0.974132
0.98432
0.994389
0.979188
1.00186
0.976776
1.00962
1.01169
0.999324
1.00718
1.00175
0.994065
0.984202
0.994071
0.987937
0.990739
1.00554
0.992738
1.00699
1.00433
1.02345
0.992904
0.998945
1.01006
1.00992
0.962703
0.993937
0.99982
1.01374
0.987398
1.00822
1.02139
0.993466
0.998339
1.04084
1.01793
0.989367
0.991844
0.996352
1.00607
1.02671
1.04677
1.00656
1.01261
1.02919
0.998926
1.01008
1.00957
0.989654
0.981785
0.989788
0.994434
1.00323
1.00029
1.00268
1.00974
1.02343
0.991609
0.999084
0.988154
1.00142
1.00365
1.02332
1.01861
0.990525
0.979177
1.00299
1.02805
1.00279
0.999236
1.00415
1.00842
0.986925
1.01426
1.00871
0.986811
1.00536
1.00422
0.99853
1.00911
1.00319
1.01037
0.996829
1.02626
1.00481
1.01674
0.977927
1.00758
0.99096
1.0073
1.0051
0.985888
0.987706
1.00126
0.998247
1.02473
1.02728
0.99245
1.01471
1.00176
0.989948
0.987104
1.00596
0.996545
1.03288
1.01178
0.996817
1.00894
1.00823
0.994141
0.96182
0.966306
0.996143
0.981965
0.999395
0.967475
0.99376
0.993255
0.981161
0.999429
0.969413
1.00829
0.982449
0.998481
1.00308
1.00973
1.00981
0.994708
0.997387
0.998415
0.990655
0.998477
1.01701
0.979301
1.00933
1.00147
1.01301
1.00194
1.00769
0.987889
1.015
0.986098
1.0142
0.997869
1.01018
1.01159
1.02824
1.01825
1.00491
0.99631
0.976629
1.01346
0.999708
0.986982
0.980151
0.976735
0.987249
1.00436
0.995141
0.966415
0.987398
0.993944
1.01436
1.00892
0.992943
0.993496
0.989405
1.01169
0.998401
0.986334
1.00492
0.998397
1.00715
0.978777
1.00409
1.01905
0.989504
1.00462
0.980756
0.980393
1.00178
0.967505
1.00851
1.02154
0.996265
1.04627
1.01002
1.0055
0.995985
1.01171
0.998426
0.975496
0.97338
1.00657
0.995624
0.99553
0.971896
0.988737
1.01584
0.995306
1.0249
1.00934
0.998509
1.02133
1.01029
1.00677
0.980794
1.01432
0.989985
0.976868
0.988689
